calculation method: show real angle on. fake aa off, real aa backward, setang 90 0

delta    pose states
      0    1    2    3    4    5    6    7    8    9   1 0  1 1  1 2  1 3  1 4  1 5  1 6  1 7  1 8  1 9  2 0  2 1  2 2  2 3

  0  0.5  1.0  1.0  0.0  0.0  0.0  0.0  0.5  0.0  1.0  0.0  0.5  1.0  1.0  0.0  0.0  0.0  0.0  0.0  0.0  0.0  0.0  0.0  0.0
 35  1.0  1.0  1.0  0.0  0.0  0.0  0.0  0.0  0.0  1.0  0.0  0.8  1.0  1.0  0.0  0.0  0.0  0.0  0.0  0.0  0.0  0.0  0.0  0.0
 60  0.0  1.0  0.8  0.0  0.0  0.0  0.0  0.0  0.0  1.0  0.0  1.0  1.0  1.0  0.0  0.0  0.0  0.0  0.0  0.0  0.0  0.0  0.0  0.0
 80  0.0  1.0  0.8  0.0  0.0  0.0  0.0  0.0  0.0  1.0  0.0  1.0  1.0  1.0  0.0  0.0  0.0  0.0  0.0  0.0  0.0  0.0  0.0  0.0
100  0.6  1.0  0.8  0.0  0.0  0.0  0.0  0.7  0.0  1.0  0.0  1.0  1.0  1.0  0.0  0.0  0.0  0.0  0.0  0.0  0.0  0.0  0.0  0.0
120  0.6  1.0  0.8  0.0  0.0  0.0  0.0  0.6  0.0  1.0  0.0  1.0  1.0  1.0  0.0  0.0  0.0  0.0  0.0  0.0  0.0  0.0  0.0  0.0
140  0.6  1.0  0.8  0.0  0.0  0.0  0.0  0.6  0.0  1.0  0.0  1.0  1.0  1.0  0.0  0.0  0.0  0.0  0.0  0.0  0.0  0.0  0.0  0.0
160  0.6  1.0  0.8  0.0  0.0  0.0  0.0  0.5  0.0  1.0  0.0  1.0  1.0  1.0  0.0  0.0  0.0  0.0  0.0  0.0  0.0  0.0  0.0  0.0
180  0.6  1.0  0.8  0.0  0.0  0.0  0.0  0.6  0.0  1.0  0.0  1.0  1.0  1.0  0.0  0.0  0.0  0.0  0.0  0.0  0.0  0.0  0.0  0.0

notes

need to be calculated with "show real angle" option, since animation is server-side
anything above pose 16 can be safily ignored
pose 0 seems to be walking related and not angles, can be ignored
abs(pose 11 - 0.5) > 0.49 == delta 60+